7639632412430830866
7639926238001384712
7640131052219993351
7640143017822883080
7640165849558519047
7640453913187061000
7640491585599278344
7640509482140765448
7640788854038875400
7640833844341493010
7640868499782438151
7641140909626772743
7641143721139932424
7641421521117891848
7641436396477009159
7641440407208873223
7641447533566332168
7641448418992229640
7642116670269574408
7642134340628974856
7642139142230461714
7642144078414597384
7642242505043447048
7642244599100099847
7642249561603394824
7642332686849150216
7642344704125701383
7642526855609715976
7642639958448049416
7642652369481649415
7642657585027370248
7642742747773799687
7642751603182767367
7642754269413739794
